Halo156 39737 5 8.865143E+14
Halo175 78044 10 9.423286E+14
Halo200 100866 13 9.545857E+14
Halo211 113278 9 9.351143E+14
Halo213 88116 15 9.037857E+14
Halo222 98162 13 8.782857E+14
Halo225 93137 9 9.648143E+14
Halo266 101453 14 1.001571E+15
Halo274 79903 13 9.367000E+14
Halo277 87221 10 9.796857E+14
Halo282 88596 14 9.081429E+14
Halo293 92090 10 9.924857E+14
Halo304 75466 13 9.593000E+14
Halo305 65364 10 9.242714E+14
Halo306 93976 5 9.569429E+14
Halo308 75052 14 9.860000E+14
Halo317 74694 14 9.707571E+14
Halo321 98590 14 1.079200E+15
Halo324 61664 13 9.251143E+14
Halo326 65117 10 9.903000E+14
Halo335 46242 14 9.881429E+14
Halo337 76656 13 9.831000E+14
Halo339 21000 2 9.004429E+14
Halo345 78933 13 9.112429E+14
Halo346 81149 9 8.978286E+14
Halo348 99209 14 1.003743E+15
Halo349 98948 14 9.274429E+14
Halo352 62929 10 9.798143E+14
Halo354 91755 14 9.737571E+14
Halo358 88958 14 9.647000E+14
Halo360 78250 13 8.840429E+14
Halo361 77677 14 9.967000E+14
Halo366 81090 13 9.813429E+14
Halo367 110903 14 8.500714E+14
Halo372 64804 14 9.576286E+14
Halo377 85374 14 1.001886E+15
Halo378 76754 14 9.904000E+14
Halo385 74115 5 9.096857E+14
Halo386 69747 9 9.624429E+14
Halo387 90670 13 9.173429E+14
Halo390 83191 13 9.343000E+14
Halo391 58924 13 9.648714E+14
Halo394 84197 13 9.597714E+14
Halo400 68831 13 9.282000E+14
Halo407 94884 13 8.902000E+14
Halo409 69824 10 9.361143E+14
Halo415 12413 2 4.398286E+14
Halo416 97862 10 8.863714E+14
Halo419 73133 14 9.091143E+14
Halo425 82568 11 9.873000E+14
Halo428 78134 14 9.032286E+14
Halo429 59413 13 8.211286E+14
Halo436 59491 14 8.907000E+14
Halo437 38886 5 8.396143E+14
Halo441 70539 13 8.785571E+14
Halo445 74752 14 9.071429E+14
Halo447 69135 13 9.182000E+14
Halo448 71857 14 9.545714E+14
Halo452 90865 10 9.703571E+14
Halo454 54616 10 8.924571E+14
Halo455 75444 14 9.434857E+14
Halo456 30961 5 8.828429E+14
Halo461 61867 13 8.737286E+14
Halo462 78657 10 9.181143E+14
Halo465 68006 9 8.625000E+14
Halo471 42629 9 8.877286E+14
Halo472 77640 14 9.185286E+14
Halo474 64630 13 8.388143E+14
Halo475 71252 14 9.319857E+14
Halo476 60792 14 8.793143E+14
Halo478 72639 9 9.101571E+14
Halo479 70729 10 8.968143E+14
Halo480 74333 13 8.704571E+14
Halo483 60594 13 8.406571E+14
Halo489 84127 5 8.682429E+14
Halo494 76695 14 8.881857E+14
Halo502 63929 14 8.673571E+14
Halo517 53045 10 8.800143E+14
Halo518 83085 13 8.589714E+14
Halo522 53710 14 8.578571E+14
Halo529 64394 14 8.245571E+14
Halo544 11872 2 8.696714E+14
Halo545 64362 13 8.193429E+14
Halo546 48655 13 7.131143E+14
Halo561 90653 10 8.986429E+14
Halo572 63531 9 8.781857E+14
Halo574 87093 13 8.171857E+14
Halo595 4899 1 8.156000E+14
Halo600 57962 13 8.332000E+14
Halo604 65849 9 8.785571E+14
Halo629 63021 14 8.288714E+14
Halo631 18672 5 7.910714E+14
Halo639 71498 13 8.325286E+14
Halo645 72395 10 8.306714E+14
Halo653 44734 10 8.165000E+14
Halo734 65641 13 8.188000E+14
