Halo023 29189 21 1.221029E+12
Halo088 57398 22 1.266571E+12
Halo119 32963 22 1.273929E+12
Halo188 87767 37 1.176200E+12
Halo247 22839 22 1.353543E+12
Halo268 14917 26 1.222943E+12
Halo270 51250 22 1.277471E+12
Halo288 20248 25 1.191671E+12
Halo327 28651 22 1.207414E+12
Halo349 27143 26 1.227286E+12
Halo364 38901 21 1.277457E+12
Halo374 29809 21 1.191914E+12
Halo414 35002 25 1.209843E+12
Halo415 45728 26 1.299700E+12
Halo416 16830 26 1.576143E+12
Halo440 42561 17 1.281186E+12
Halo460 26629 22 1.205800E+12
Halo469 42823 22 1.166686E+12
Halo490 36800 25 1.337271E+12
Halo530 31012 22 1.196300E+12
Halo558 31607 22 1.262757E+12
Halo567 24026 21 1.286286E+12
Halo570 38087 25 1.195257E+12
Halo606 52668 21 1.443571E+12
Halo628 19789 21 1.264029E+12
Halo641 31283 16 1.313900E+12
Halo675 26765 21 1.348357E+12
Halo718 58221 20 1.217800E+12
Halo749 28465 25 1.325114E+12
Halo797 34623 21 1.387143E+12
Halo800 31754 25 1.513286E+12
Halo825 22284 26 1.352400E+12
Halo829 23950 26 1.316700E+12
Halo852 16937 21 1.292157E+12
Halo878 28017 21 1.232971E+12
Halo881 74361 22 1.346586E+12
Halo925 16956 26 1.343071E+12
Halo926 30424 25 1.199014E+12
Halo937 37843 22 1.248629E+12
Halo939 30378 25 1.281614E+12
Halo967 36591 18 1.218214E+12
Halo990 11661 25 1.336314E+12
Halo8247 36916 22 1.295000E+12
Halo9749 57548 25 1.385243E+12
Halo9829 32290 25 1.268943E+12
