023  7900150
088  34469459
119  11332286
188  31775436
247  7505027
268  8180652
270  34377077
288  9795410
327  9433206
349  16885790
364  11582635
374  10484169
414  10537689
415  32805322
416  9285216
440  16564122
460  9990665
469  33628620
490  10806062
530  8656391
558  11140781
567  9102608
570  21936392
606  30190348
628  14059702
641  33670896
675  26048685
718  32136104
749  8999100
797  11099946
800  10175122
825  10872901
829  7232474
852  8985873
878  11582544
881  46635428
925  9547824
926  9925083
937  10922961
939  9337358
967  20201003
990  12747497
8247 10728392
9749 30983434
9829 20719442
